0.000000000000000000e+00 1.000000000000000000e+00 0.000000000000000000e+00 1.000000000000000000e+00 -8.000000000000000000e+03
2.500000000000000139e-02 9.024999999999999689e-01 7.131250000000000089e-02 8.145062499999999872e-01 -6.859000000000000000e+03
5.000000000000000278e-02 8.100000000000000533e-01 1.355000000000000093e-01 6.561000000000000165e-01 -5.832000000000000000e+03
7.499999999999999722e-02 7.225000000000000311e-01 1.929375000000000118e-01 5.220062500000000050e-01 -4.913000000000000000e+03
1.000000000000000056e-01 6.400000000000000133e-01 2.439999999999999947e-01 4.096000000000000196e-01 -4.096000000000000000e+03
1.250000000000000000e-01 5.625000000000000000e-01 2.890625000000000000e-01 3.164062500000000000e-01 -3.375000000000000000e+03
1.499999999999999944e-01 4.899999999999999911e-01 3.285000000000000142e-01 2.401000000000000079e-01 -2.744000000000000000e+03
1.749999999999999889e-01 4.224999999999999867e-01 3.626874999999999960e-01 1.785062500000000052e-01 -2.197000000000000000e+03
2.000000000000000111e-01 3.599999999999999867e-01 3.920000000000000151e-01 1.295999999999999930e-01 -1.728000000000000000e+03
2.250000000000000056e-01 3.024999999999999911e-01 4.168124999999999747e-01 9.150624999999999731e-02 -1.331000000000000000e+03
2.500000000000000000e-01 2.500000000000000000e-01 4.375000000000000000e-01 6.250000000000000000e-02 -1.000000000000000000e+03
2.750000000000000222e-01 2.025000000000000133e-01 4.544374999999999942e-01 4.100625000000000103e-02 -7.290000000000000000e+02
2.999999999999999889e-01 1.600000000000000033e-01 4.680000000000000271e-01 2.560000000000000123e-02 -5.120000000000000000e+02
3.250000000000000111e-01 1.224999999999999978e-01 4.785625000000000018e-01 1.500625000000000049e-02 -3.430000000000000000e+02
3.499999999999999778e-01 8.999999999999999667e-02 4.864999999999999880e-01 8.099999999999999561e-03 -2.160000000000000000e+02
3.750000000000000000e-01 6.250000000000000000e-02 4.921875000000000000e-01 3.906250000000000000e-03 -1.250000000000000000e+02
4.000000000000000222e-01 4.000000000000000083e-02 4.959999999999999964e-01 1.600000000000000077e-03 -6.400000000000000000e+01
4.249999999999999889e-01 2.249999999999999917e-02 4.983124999999999916e-01 5.062499999999999726e-04 -2.700000000000000000e+01
4.500000000000000111e-01 1.000000000000000021e-02 4.994999999999999996e-01 1.000000000000000048e-04 -8.000000000000000000e+00
4.749999999999999778e-01 2.500000000000000052e-03 4.999374999999999791e-01 6.250000000000000300e-06 -1.000000000000000000e+00
5.000000000000000000e-01 0.000000000000000000e+00 5.000000000000000000e-01 0.000000000000000000e+00 0.000000000000000000e+00
5.250000000000000222e-01 2.500000000000000052e-03 5.000624999999999654e-01 6.250000000000000300e-06 1.000000000000000000e+00
5.500000000000000444e-01 1.000000000000000021e-02 5.004999999999999449e-01 1.000000000000000048e-04 8.000000000000000000e+00
5.749999999999999556e-01 2.249999999999999917e-02 5.016874999999999529e-01 5.062499999999999726e-04 2.700000000000000000e+01
5.999999999999999778e-01 4.000000000000000083e-02 5.040000000000000036e-01 1.600000000000000077e-03 6.400000000000000000e+01
6.250000000000000000e-01 6.250000000000000000e-02 5.078125000000000000e-01 3.906250000000000000e-03 1.250000000000000000e+02
6.500000000000000222e-01 8.999999999999999667e-02 5.134999999999999565e-01 8.099999999999999561e-03 2.160000000000000000e+02
6.750000000000000444e-01 1.224999999999999978e-01 5.214374999999999982e-01 1.500625000000000049e-02 3.430000000000000000e+02
6.999999999999999556e-01 1.600000000000000033e-01 5.320000000000000284e-01 2.560000000000000123e-02 5.120000000000000000e+02
7.249999999999999778e-01 2.025000000000000133e-01 5.455624999999999503e-01 4.100625000000000103e-02 7.290000000000000000e+02
7.500000000000000000e-01 2.500000000000000000e-01 5.625000000000000000e-01 6.250000000000000000e-02 1.000000000000000000e+03
7.750000000000000222e-01 3.024999999999999911e-01 5.831874999999999698e-01 9.150624999999999731e-02 1.331000000000000000e+03
8.000000000000000444e-01 3.599999999999999867e-01 6.079999999999999849e-01 1.295999999999999930e-01 1.728000000000000000e+03
8.249999999999999556e-01 4.224999999999999867e-01 6.373124999999999485e-01 1.785062500000000052e-01 2.197000000000000000e+03
8.499999999999999778e-01 4.899999999999999911e-01 6.714999999999999858e-01 2.401000000000000079e-01 2.744000000000000000e+03
8.750000000000000000e-01 5.625000000000000000e-01 7.109375000000000000e-01 3.164062500000000000e-01 3.375000000000000000e+03
9.000000000000000222e-01 6.400000000000000133e-01 7.560000000000000053e-01 4.096000000000000196e-01 4.096000000000000000e+03
9.250000000000000444e-01 7.225000000000000311e-01 8.070625000000000160e-01 5.220062500000000050e-01 4.913000000000000000e+03
9.499999999999999556e-01 8.100000000000000533e-01 8.645000000000000462e-01 6.561000000000000165e-01 5.832000000000000000e+03
9.749999999999999778e-01 9.024999999999999689e-01 9.286874999999999991e-01 8.145062499999999872e-01 6.859000000000000000e+03
1.000000000000000000e+00 1.000000000000000000e+00 1.000000000000000000e+00 1.000000000000000000e+00 8.000000000000000000e+03
