1       1       0       153
3       1       0       10
1       0       1       87
4       1       5       22
2       0       1       16
2       0       1       17
4       1       1       94
4       0       2       28
2       0       2       12
2       0       6       33
1       1       0       52
2       1       1       875
2       0       1       14
2       1       1       105
1       0       1       12
1       1       0       69
5       1       7       108
12      0       0       227
2       1       0       65
2       0       7       13
3       0       0       90
2       0       2       17
2       0       2       17
2       0       6       11
3       0       0       14
1       1       0       47
1       1       3       127
4       1       2       289
3       0       2       45
3       1       0       13
2       0       7       12
2       0       8       16
1       0       1       15
2       0       5       206
1       0       8       118
3       1       1       27
2       0       7       14
3       0       5       207
8       0       0       229
11      0       2       34
1       1       0       229
3       1       0       19
1       0       1       4
2       1       0       175
1       1       1       114
1       1       0       100
9       0       2       27
1       1       0       7
1       0       0       46
1       1       1       251
1       1       0       4
3       0       1       42
3       1       0       28
1       1       0       9
2       0       7       13
11      0       3       34
1       0       0       79
5       1       1       28
2       1       2       25
5       1       7       112
3       0       11      145
3       1       4       302
1       0       10      132
2       0       2       17
1       0       0       47
1       1       0       25
1       1       0       147
0       0       3       33
1       0       0       50
6       0       0       227
2       0       5       247
2       1       1       77
3       0       5       211
2       1       0       18
3       0       5       206
3       0       1       46
5       1       7       64
1       1       1       328
3       1       0       191
4       1       4       108
1       0       8       80
3       0       5       207
9       0       2       42
1       1       0       4
5       1       2       141
1       1       0       40
2       0       4       10
9       0       2       32
3       1       0       51
3       1       0       144
1       1       0       170
6       1       8       99
2       1       7       108
3       1       2       359
1       0       0       49
2       1       1       39
1       1       0       98
1       0       0       57
4       0       5       207
4       1       0       103
1       0       0       53
11      0       2       29
0       0       5       238
2       0       2       12
3       0       1       43
5       1       7       64
2       0       2       18
4       1       4       20
3       1       0       103
0       0       0       44
4       1       1       166
2       0       8       282
1       1       1       188
1       1       2       2764
2       0       5       206
11      0       2       28
1       1       0       137
1       0       0       121
1       0       8       118
2       0       1       102
2       1       0       98
3       1       1       57
3       1       0       15
2       1       7       108
1       0       1       111
1       0       8       91
2       1       3       2483
3       0       5       207
2       0       6       43
1       0       8       101
13      0       4       37
1       0       2       20
1       1       0       4
2       0       5       205
10      0       0       241
1       0       1       14
1       0       0       48
3       0       5       207
0       0       5       240
1       0       0       48
2       1       2       482
1       1       0       4
3       0       5       210
9       0       0       230
1       0       0       219
1       0       0       47
3       0       5       207
1       0       8       101
4       1       3       112
3       0       2       46
2       0       5       206
3       1       0       32
2       1       1       806
5       1       4       10
1       1       0       91
3       0       1       42
2       1       7       109
3       1       2       18
1       1       0       7
3       0       5       205
3       0       5       207
0       0       2       57
2       0       6       33
2       0       5       209
11      0       2       30
3       0       5       211
1       1       0       15
9       0       2       30
2       0       8       18
2       0       0       15
2       0       6       43
3       0       5       210
3       0       5       207
4       1       9       140
2       0       7       12
3       0       2       49
1       0       0       49
0       0       1       33
11      0       2       56
6       1       0       51
2       0       5       209
9       0       2       35
2       0       5       206
4       1       3       24
3       0       2       46
9       0       2       35
3       1       0       8
2       0       5       204
3       0       6       210
3       0       11      173
2       0       7       55
1       0       0       56
5       1       7       108
1       1       1       10
1       0       10      105
1       0       0       49
3       0       5       206
3       1       2       16
2       1       0       844
3       1       0       33
2       1       0       147
2       0       7       37
2       0       1       26
1       1       1       44
6       1       3       41
1       1       0       19
1       1       1       22
2       1       1       172
2       0       11      126
2       0       5       10
2       0       7       56
2       0       5       206
2       1       2       94
1       0       0       31
3       0       3       7
2       0       6       55
1       0       0       47
2       0       4       15
9       0       3       33
1       0       1       53
1       1       1       75
2       1       1       97
3       1       0       169
2       1       1       23
3       0       5       208
1       1       0       17
1       1       1       275
1       1       1       118
2       1       3       41
9       0       2       38
1       0       0       25
2       0       1       18
2       1       0       313
11      0       2       27
2       1       0       15
3       0       3       115
3       0       5       209
11      0       2       28
3       0       5       206
1       0       11      121
4       1       4       27
5       1       1       41
6       1       2       160
2       1       1       21
1       1       1       67
11      0       2       30
2       1       0       14
2       1       1       61
1       1       2       297
1       0       0       18
3       0       5       207
3       0       5       209
1       1       1       21
3       0       6       214
2       1       2       71
11      0       2       29
2       0       1       46
10      0       0       228
1       0       2       14
1       0       2       42
2       0       7       12
4       0       6       211
3       1       2       60
2       0       6       34
2       0       5       205
1       0       0       24
1       0       1       10
3       0       5       211
1       1       1       79
11      0       2       29
4       0       5       204
2       1       7       108
1       0       1       13
1       1       0       4
2       0       2       7
1       0       0       48
2       0       4       9
2       1       1       21
2       1       1       63
2       0       6       34
1       0       3       74
2       0       6       247
8       0       0       232
3       0       9       165
2       0       7       55
3       1       1       54
7       1       2       273
4       0       5       204
1       0       1       10
4       1       4       106
2       0       7       12
3       0       0       71
2       1       2       630
2       0       0       14
1       0       0       49
5       1       7       108
8       1       12      180
1       0       1       15
2       0       1       17
1       0       8       116
3       1       0       39
0       0       1       37
3       1       0       0
1       1       1       42
1       0       0       21
3       0       5       209
13      0       3       34
3       0       1       81
9       0       2       35
1       0       1       121
7       1       4       16
3       0       5       205
2       0       5       209
1       1       0       7
1       1       1       38
5       1       0       45
2       0       5       206
3       0       5       206
1       0       0       59
2       0       6       32
4       1       1       11
4       1       8       121
4       1       4       21
7       1       7       12
1       1       1       79
2       0       1       28
2       0       0       9
3       1       0       242
4       0       6       211
1       0       11      144
5       1       5       96
6       1       7       12
1       0       10      122
3       1       3       15
1       0       8       110
2       0       7       13
0       0       4       237
9       0       2       34
2       1       4       104
3       0       1       57
9       0       4       38
3       0       5       206
2       0       1       47
2       0       8       13
2       0       5       208
3       0       5       204
2       1       9       100
1       0       0       21
3       1       2       31
1       1       0       34
1       0       0       54
11      0       2       31
4       1       1       151
4       1       1       54
1       1       0       26
1       0       0       50
11      0       2       29
3       0       1       41
1       1       1       44
1       0       8       93
2       1       3       39
10      0       0       227
2       0       2       17
3       0       1       47
2       0       6       38
1       1       1       83
0       0       4       236
1       0       2       41
1       1       1       139
2       0       5       206
2       0       2       18
4       1       5       27
1       1       0       16
2       0       9       15
1       1       1       34
0       0       3       42
2       1       1       21
4       1       4       121
1       0       1       14
1       0       0       26
9       0       2       27
3       0       2       48
3       0       1       86
1       1       1       140
2       0       6       12
3       1       2       39
3       0       5       206
5       1       6       23
0       0       2       46
2       0       10      123
1       0       1       12
3       1       0       31
2       1       1       10
2       0       6       35
2       1       1       274
1       1       1       315
9       0       2       31
3       0       1       84
3       0       5       208
2       0       7       12
1       1       1       89
1       0       0       69
8       1       9       122
1       0       0       45
3       0       1       41
0       0       2       50
2       1       1       352
1       0       1       5
0       0       2       38
1       0       1       10
2       0       1       235
3       1       0       35
1       1       0       295
1       0       1       195
2       0       2       20
1       0       0       47
5       1       14      61
4       1       0       45
9       0       2       27
2       0       3       14
1       0       0       19
1       0       1       15
1       0       1       218
0       0       4       235
3       0       5       203
1       0       0       19
3       0       5       206
1       1       0       156
5       1       1       29
2       0       10      282
3       0       5       207
2       0       5       206
1       0       1       14
2       1       0       26
6       1       3       637
4       0       6       209
5       1       7       108
1       1       1       68
2       0       5       207
1       1       1       46
1       1       2       265
5       1       7       64
12      0       0       228
9       0       6       40
2       0       5       207
3       1       0       0
3       1       4       136
1       1       0       9
3       0       5       206
1       1       2       72
2       1       1       4
2       1       7       100
4       1       4       23
2       0       1       248
3       1       0       37
3       0       5       211
2       0       5       211
2       1       0       20
4       1       3       56
3       0       5       207
4       0       5       205
5       1       7       41
1       1       1       36
3       0       0       72
2       0       1       16
5       1       1       710
1       1       1       276
2       0       5       207
1       1       0       116
1       1       1       35
1       0       0       63
3       0       5       205
5       0       6       212
3       0       9       166
1       0       0       52
2       0       1       17
1       0       11      107
11      0       2       31
1       1       2       141
3       0       5       205
2       0       6       35
4       1       3       21
3       0       1       41
3       1       0       0
11      0       4       39
3       0       5       211
1       1       0       5
0       0       3       49
3       0       0       15
3       0       1       77
1       0       9       101
3       0       2       55
8       0       0       228
4       0       5       205
11      0       2       31
5       1       7       108
1       1       1       81
1       0       10      122
3       0       5       208
1       1       2       23
2       0       1       6
4       0       3       35
1       0       5       127
2       1       4       105
2       0       2       18
2       1       7       100
4       1       7       110
2       0       1       17
3       0       5       208
3       1       0       43
3       1       0       34
5       1       4       153
1       0       1       14
3       0       5       206
2       0       3       7
1       0       0       48
2       0       1       19
2       0       2       21
1       0       0       265
4       0       5       204
2       0       2       10
0       0       3       28
1       1       2       54
0       0       3       51
3       1       0       0
1       1       1       62
1       0       1       9
3       0       5       209
8       1       9       115
3       0       2       101
2       0       8       14
5       1       7       109
1       0       8       120
3       1       2       15
3       0       0       74
1       1       0       8
1       1       0       10
3       1       1       57
1       0       0       49
1       0       0       23
2       0       5       210
7       1       0       27
1       1       1       36
3       0       5       209
2       0       1       29
1       1       0       4
1       0       0       107
9       0       3       32
1       0       8       101
1       1       1       82
5       1       0       0
3       0       5       21
2       0       1       17
2       0       5       207
3       0       0       76
1       0       9       128
3       0       2       10
4       1       1       283
2       0       6       35
3       1       0       41
11      0       3       32
2       0       5       204
11      0       2       31
2       1       0       16
5       1       7       64
2       0       5       204
1       1       0       351
0       0       3       44
2       1       1       158
2       0       0       24
2       0       2       11
9       0       3       29
1       1       0       144
1       0       0       48
11      0       4       38
6       1       5       68
1       0       10      152
1       1       0       26
1       1       1       22
2       0       1       45
5       1       2       19
2       1       1       21
3       0       0       89
3       1       0       0
3       0       2       50
3       1       0       45
1       0       10      140
3       1       4       13
1       0       0       48
1       1       1       198
3       0       5       204
9       0       2       27
9       0       2       37
1       1       1       83
11      0       2       28
1       0       0       50
11      0       2       33
5       1       7       108
1       0       0       45
3       0       5       208
3       0       5       208
5       1       5       18
2       1       4       104
1       1       1       81
1       0       1       13
0       0       5       240
9       0       2       28
8       1       8       104
4       1       5       33
3       0       1       46
2       0       9       267
2       0       7       308
11      0       2       33
5       1       0       36
3       0       5       210
1       1       0       95
3       0       0       9
3       1       0       0
5       1       3       38
4       1       4       23
1       1       3       538
3       0       1       47
1       1       0       49
2       0       7       12
5       1       7       104
11      0       2       33
1       0       0       120
1       1       0       7
2       0       7       292
1       0       1       9
0       0       4       117
1       0       1       47
3       1       1       120
4       1       6       49
1       1       0       156
4       0       6       210
0       0       5       144
2       0       1       110
2       1       1       201
1       1       0       5
3       0       6       209
3       0       5       208
2       0       5       206
3       1       0       33
1       0       1       11
2       1       7       108
2       0       5       53
2       1       2       37
5       1       2       154
3       0       0       111
1       1       1       3
4       1       2       71
6       0       0       232
3       0       5       205
1       1       1       335
1       0       1       10
4       1       5       30
3       0       5       206
5       1       3       171
1       1       1       38
1       0       1       72
1       0       1       14
4       1       1       33
3       1       0       44
3       0       5       205
8       1       5       50
1       0       1       9
2       0       6       248
2       0       1       43
3       1       1       30
2       0       8       116
2       1       0       25
0       0       0       25
3       0       5       205
4       1       3       140
2       0       2       18
3       1       2       12
3       0       0       78
1       1       1       93
2       0       6       12
1       1       1       75
5       1       2       169
2       1       4       103
3       1       3       22
1       1       0       28
3       1       0       35
1       0       4       118
11      0       2       31
3       0       5       206
2       0       7       57
5       1       1       26
2       0       8       14
3       0       5       208
1       0       0       23
1       1       1       12
2       0       2       10
1       0       0       48
2       1       3       29
5       1       7       64
4       1       4       54
5       1       1       34
3       0       5       208
2       1       4       167
1       0       1       11
1       0       0       48
13      0       2       28
1       1       1       21
1       1       0       143
3       1       0       19
1       1       0       79
2       1       7       108
1       1       1       59
4       0       6       212
0       0       3       61
2       1       1       45
3       0       0       78
2       0       1       102
5       1       10      133
0       0       2       36
4       1       0       36
4       1       0       42
1       0       1       14
3       1       2       45
4       0       5       212
2       1       1       10
7       1       3       52
0       0       2       50
3       0       2       45
2       0       1       16
2       1       3       38
1       1       1       17
1       0       0       71
1       0       1       20
1       1       0       4
3       1       1       60
2       0       1       4
9       0       3       41
1       1       1       56
2       0       7       56
2       1       0       60
4       1       0       0
3       1       0       24
1       0       0       30
5       1       1       41
2       1       7       100
6       1       7       100
2       1       4       103
0       0       2       40
3       1       1       45
3       0       5       211
1       0       0       606
3       1       6       46
2       1       0       14
5       1       2       62
2       0       3       7
2       0       2       10
1       0       8       106
2       1       0       129
2       0       6       32
1       0       0       49
1       0       1       23
2       1       0       26
1       1       1       38
2       0       1       30
3       1       2       70
2       0       1       18
2       1       1       21
2       1       1       8
2       1       1       21
1       0       0       23
2       0       2       12
0       0       5       241
3       0       5       207
5       1       2       11
2       0       5       207
3       0       5       207
1       1       15      246
1       0       0       183
3       1       3       20
2       0       5       208
1       0       2       56
2       0       7       55
7       0       6       19
3       0       5       204
2       1       7       109
1       1       0       36
1       1       1       119
2       0       2       19
4       1       3       83
1       0       0       48
6       1       5       43
1       0       0       53
3       1       1       6
3       1       1       262
1       0       9       163
2       1       7       108
3       0       0       74
1       1       9       207
4       0       2       58
1       0       1       13
2       0       4       10
4       1       2       16
2       0       7       12
2       0       7       13
0       0       2       46
3       1       3       48
1       1       0       101
3       1       1       248
4       1       4       24
10      0       0       227
3       1       0       322
2       0       1       102
3       1       3       152
3       0       0       79
2       1       7       108
1       0       0       37
2       0       5       209
3       0       5       208
1       0       0       52
2       0       1       52
1       1       0       4
5       0       6       209
8       0       0       229
2       1       9       102
3       1       4       25
1       0       0       50
0       0       3       44
7       1       0       10
2       0       6       34
4       0       5       204
2       0       1       76
5       1       2       129
1       0       4       53
1       1       1       95
2       0       6       37
1       1       0       4
2       0       8       16
5       1       6       25
2       0       2       17
4       1       9       101
2       0       6       33
0       0       3       56
2       1       0       15
2       0       4       12
5       1       7       108
2       0       1       16
1       0       0       48
2       1       0       62
3       0       2       49
9       0       3       33
2       0       2       12
4       1       4       116
2       0       1       18
3       1       5       31
3       0       5       211
3       0       5       206
2       0       6       33
10      0       0       233
1       0       0       6
2       1       7       109
3       0       0       81
2       0       2       16
3       1       2       9
5       1       2       167
3       0       1       43
3       0       5       205
1       0       1       17
0       0       4       237
11      0       4       34
1       1       1       193
1       1       0       15
3       0       5       209
1       0       1       35
3       1       0       34
1       0       0       49
0       0       3       39
3       0       5       208
0       0       4       76
2       0       5       53
2       0       1       19
1       1       1       121
3       0       5       206
1       0       2       19
2       0       5       206
5       1       7       105
7       1       7       12
1       0       0       636
1       1       1       279
2       1       0       36
2       1       1       8
1       1       0       67
3       1       4       47
1       0       0       57
2       0       7       55
1       0       0       49
2       0       2       18
1       0       0       48
1       1       0       161
2       0       7       12
3       1       3       20
4       1       4       87
1       1       0       75
3       1       4       112
1       1       1       42
3       0       5       207
5       1       5       209
2       0       6       34
1       0       0       1121
2       1       7       92
1       0       1       149
1       0       0       47
2       1       2       344
3       1       2       17
3       1       0       37
1       0       0       59
1       0       3       25
3       1       1       73
3       0       5       204
2       0       2       12
1       1       1       45
2       1       1       106
4       1       5       27
3       1       2       39
4       1       2       33
0       0       4       237
2       0       5       206
3       0       2       200
2       1       0       46
2       0       1       61
11      0       2       49
2       0       1       98
3       1       0       0
2       0       10      133
3       1       0       37
3       1       1       42
3       1       0       0
5       1       7       105
2       0       2       12
0       0       4       240
4       1       1       9
1       0       0       15
2       0       8       228
5       1       5       18
2       0       6       38
1       1       1       476
3       1       2       35
1       0       1       131
5       0       3       410
2       1       1       10
3       1       4       101
2       0       3       237
2       0       1       16
3       1       0       37
3       0       5       207
0       0       2       52
1       1       0       3
11      0       2       29
2       1       0       38
1       0       0       29
5       1       2       158
2       1       7       108
5       1       5       18
2       0       2       17
0       0       2       31
1       1       1       166
2       0       4       340
2       1       4       105
3       1       3       119
3       1       0       0
1       0       3       27
3       0       3       11
3       1       3       104
1       1       0       41
0       0       0       24
1       1       1       39
3       0       0       79
4       1       6       35
3       0       5       208
2       0       1       68
2       0       5       204
1       0       11      144
1       1       1       56
3       0       2       12
1       1       1       120
11      0       4       36
4       0       0       30
2       1       2       161
2       1       4       71
11      0       2       31
3       0       5       206
2       0       2       305
1       0       0       49
2       1       1       72
3       1       1       67
1       1       1       169
2       0       5       206
1       1       1       21
9       0       2       31
3       0       5       209
5       0       6       208